0 15
0.001 15.0748901099175
0.002 15.150423983442447
0.003 15.226606722206794
0.004 15.303443468673441
0.005 15.380939406462621
0.006 15.459099760680896
0.007 15.537929798252774
0.008 15.617434828254995
0.009000000000000001 15.69762020225347
0.010000000000000002 15.778491314642933
0.011000000000000003 15.860053602989291
0.012000000000000004 15.942312548374723
0.013000000000000005 16.02527367574553
0.014000000000000005 16.108942554262775
0.015000000000000006 16.193324797655716
0.016000000000000007 16.278426064578074
0.017000000000000008 16.36425205896714
0.01800000000000001 16.450808530405762
0.01900000000000001 16.53810127448722
0.02000000000000001 16.626136133183024
0.02100000000000001 16.71491899521364
0.022000000000000013 16.8044557964222
0.023000000000000013 16.894752520151176
0.024000000000000014 16.985815197622085
0.025000000000000015 17.07764990831822
0.026000000000000016 17.17026278037045
0.027000000000000017 17.26365999094608
0.028000000000000018 17.357847766640862
0.02900000000000002 17.452832383874092
0.03000000000000002 17.548620169286902
0.03100000000000002 17.64521750014372
0.03200000000000002 17.74263080473694
0.03300000000000002 17.840866562794844
0.03400000000000002 17.939931305892753
0.035000000000000024 18.039831617867492
0.036000000000000025 18.14057413523516
0.037000000000000026 18.24216554761224
0.03800000000000003 18.34461259814008
0.03900000000000003 18.44792208391275
0.04000000000000003 18.552100856408348
0.04100000000000003 18.657155821923727
0.04200000000000003 18.763093942012723
0.04300000000000003 18.869922233927863
0.04400000000000003 18.977647771065612
0.04500000000000003 19.086277683415197
0.046000000000000034 19.19581915801099
0.047000000000000035 19.30627943938853
0.048000000000000036 19.41766583004417
0.04900000000000004 19.529985690898442
0.05000000000000004 19.643246441763058
0.05100000000000004 19.757455561811707
0.05200000000000004 19.872620590054588
0.05300000000000004 19.98874912581674
0.05400000000000004 20.10584882922019
0.05500000000000004 20.22392742166997
0.05600000000000004 20.34299268634401
0.057000000000000044 20.463052468686953
0.058000000000000045 20.584114676907898
0.059000000000000045 20.70618728248216
0.060000000000000046 20.829278320657007
0.06100000000000005 20.953395890961467
0.06200000000000005 21.078548157720174
0.06300000000000004 21.20474335057137
0.06400000000000004 21.331989764989004
0.06500000000000004 21.46029576280904
0.06600000000000004 21.589669772759947
0.06700000000000005 21.72012029099745
0.06800000000000005 21.851655881643534
0.06900000000000005 21.98428517732978
0.07000000000000005 22.11801687974503
0.07100000000000005 22.25285976018744
0.07200000000000005 22.388822660120933
0.07300000000000005 22.52591449173612
0.07400000000000005 22.66414423851569
0.07500000000000005 22.80352095580432
0.07600000000000005 22.944053771383153
0.07700000000000005 23.08575188604886
0.07800000000000006 23.22862457419734
0.07900000000000006 23.372681184412063
0.08000000000000006 23.51793114005715
0.08100000000000006 23.664383939875176
0.08200000000000006 23.812049158589744
0.08300000000000006 23.960936447512896
0.08400000000000006 24.111055535157377
0.08500000000000006 24.26241622785377
0.08600000000000006 24.415028410372596
0.08700000000000006 24.568902046551372
0.08800000000000006 24.724047179926686
0.08900000000000007 24.88047393437132
0.09000000000000007 25.038192514736473
0.09100000000000007 25.19721320749911
0.09200000000000007 25.3575463814145
0.09300000000000007 25.519202488173963
0.09400000000000007 25.682192063067866
0.09500000000000007 25.846525725653944
0.09600000000000007 26.01221418043093
0.09700000000000007 26.17926821751761
0.09800000000000007 26.34769871333727
0.09900000000000007 26.517516631307643
0.10000000000000007 26.688733022536354
0.10100000000000008 26.86135902652193
0.10200000000000008 27.035405871860423
0.10300000000000008 27.210884876957664
0.10400000000000008 27.387807450747236
0.10500000000000008 27.56618509341416
0.10600000000000008 27.74602939712439
0.10700000000000008 27.92735204676012
0.10800000000000008 28.11016482066099
0.10900000000000008 28.294479591371203
0.11000000000000008 28.480308326392613
0.11100000000000008 28.667663088943854
0.11200000000000009 28.856556038725508
0.11300000000000009 29.04699943269142
0.11400000000000009 29.239005625826156
0.11500000000000009 29.432587071928694
0.11600000000000009 29.62775632440237
0.11700000000000009 29.824526037051136
0.11800000000000009 30.022908964882202
0.11900000000000009 30.222917964915073
0.12000000000000009 30.42456599699707
0.1210000000000001 30.62786612462536
0.1220000000000001 30.832831515775567
0.1230000000000001 31.039475443737
0.1240000000000001 31.247811287954566
0.12500000000000008 31.4578525348774
0.12600000000000008 31.669612778814308
0.12700000000000009 31.883105722796007
0.12800000000000009 32.098345179444294
0.1290000000000001 32.31534507184816
0.1300000000000001 32.53411943444687
0.1310000000000001 32.75468241392018
0.1320000000000001 32.97704827008557
0.1330000000000001 33.20123137680274
0.1340000000000001 33.42724622288529
0.1350000000000001 33.65510741301969
0.1360000000000001 33.884829668691644
0.1370000000000001 34.11642782911976
0.1380000000000001 34.3499168521968
0.1390000000000001 34.58531181543838
0.1400000000000001 34.82262791693929
0.1410000000000001 35.061880476337414
0.1420000000000001 35.30308493578543
0.1430000000000001 35.54625686093021
0.1440000000000001 35.79141194190007
0.1450000000000001 36.038565994299965
0.1460000000000001 36.287734960214536
0.1470000000000001 36.53893490921927
0.1480000000000001 36.792182039399705
0.1490000000000001 37.047492678378774
0.1500000000000001 37.30488328435239
0.1510000000000001 37.5643704471333
0.1520000000000001 37.82597088920324
0.1530000000000001 38.089701466773604
0.1540000000000001 38.35557917085448
0.1550000000000001 38.62362112833232
0.1560000000000001 38.89384460305613
0.1570000000000001 39.166266996932485
0.1580000000000001 39.44090585102915
0.1590000000000001 39.717778846687615
0.16000000000000011 39.996903806644504
0.16100000000000012 40.278298696161926
0.16200000000000012 40.561981624166904
0.16300000000000012 40.847970844399875
0.16400000000000012 41.136284756572394
0.16500000000000012 41.426941907534086
0.16600000000000012 41.719960992448925
0.16700000000000012 42.01536085598093
0.16800000000000012 42.31316049348932
0.16900000000000012 42.61337905223324
0.17000000000000012 42.916035832586125
0.17100000000000012 43.22115028925973
0.17200000000000013 43.52874203253801
0.17300000000000013 43.838830829520816
0.17400000000000013 44.15143660537755
0.17500000000000013 44.466579444610836
0.17600000000000013 44.784279592330314
0.17700000000000013 45.104557455536586
0.17800000000000013 45.427433604415455
0.17900000000000013 45.7529287736425
0.18000000000000013 46.081063863698084
0.18100000000000013 46.41185994219285
0.18200000000000013 46.74533824520385
0.18300000000000013 47.08152017862135
0.18400000000000014 47.4204273195064
0.18500000000000014 47.762081417459214
0.18600000000000014 48.10650439599856
0.18700000000000014 48.45371835395214
0.18800000000000014 48.80374556685807
0.18900000000000014 49.15660848837761
0.19000000000000014 49.51232975171915
0.19100000000000014 49.87093217107361
0.19200000000000014 50.23243874306127
0.19300000000000014 50.59687264819023
0.19400000000000014 50.96425725232645
0.19500000000000015 51.33461610817564
0.19600000000000015 51.70797295677692
0.19700000000000015 52.084351729008446
0.19800000000000015 52.463776547105084
0.19900000000000015 52.84627172618819
0.20000000000000015 53.23186177580767
0.20100000000000015 53.6205714014963
0.20200000000000015 54.01242550633652
0.20300000000000015 54.407449192539765
0.20400000000000015 54.80566776303837
0.20500000000000015 55.20710672309025
0.20600000000000016 55.611791781896365
0.20700000000000016 56.01974885423119
0.20800000000000016 56.43100406208612
0.20900000000000016 56.845583736326084
0.21000000000000016 57.26351441835941
0.21100000000000016 57.68482286182096
0.21200000000000016 58.10953603426885
0.21300000000000016 58.537681118894575
0.21400000000000016 58.969285516246956
0.21500000000000016 59.40437684596978
0.21600000000000016 59.842982948553356
0.21700000000000016 60.285131887100086
0.21800000000000017 60.73085194910412
0.21900000000000017 61.180171648245285
0.22000000000000017 61.6331197261973
0.22100000000000017 62.0897251544505
0.22200000000000017 62.5500171361491
0.22300000000000017 63.01402510794316
0.22400000000000017 63.48177874185536
0.22500000000000017 63.95330794716265
0.22600000000000017 64.42864287229305
0.22700000000000017 64.9078139067375
0.22800000000000017 65.39085168297704
0.22900000000000018 65.87778707842547
0.23000000000000018 66.36865121738737
0.23100000000000018 66.86347547303194
0.23200000000000018 67.36229146938257
0.23300000000000018 67.86513108332224
0.23400000000000018 68.37202644661507
0.23500000000000018 68.88300994794395
0.23600000000000018 69.3981142349645
0.23700000000000018 69.9173722163754
0.23800000000000018 70.44081706400537
0.23900000000000018 70.96848221491675
0.24000000000000019 71.50040137352586
0.2410000000000002 72.03660851374048
0.2420000000000002 72.57713788111421
0.2430000000000002 73.12202399501825
0.2440000000000002 73.67130165083037
0.2450000000000002 74.22500592214148
0.2460000000000002 74.78317216297982
0.2470000000000002 75.34583601005296
0.2480000000000002 75.91303338500765
0.2490000000000002 76.4848004967078
0.25000000000000017 77.06117384353067
0.25100000000000017 77.64219021568134
0.25200000000000017 78.22788669752582
0.25300000000000017 78.81830066994269
0.25400000000000017 79.41346981269359
0.25500000000000017 80.01343210681269
0.25600000000000017 80.61822583701517
0.2570000000000002 81.22788959412509
0.2580000000000002 81.84246227752251
0.2590000000000002 82.46198309761037
0.2600000000000002 83.08649157830088
0.2610000000000002 83.71602755952192
0.2620000000000002 84.35063119974349
0.2630000000000002 84.99034297852427
0.2640000000000002 85.6352036990786
0.2650000000000002 86.28525449086398
0.2660000000000002 86.94053681218918
0.2670000000000002 87.60109245284337
0.2680000000000002 88.26696353674609
0.2690000000000002 88.93819252461849
0.2700000000000002 89.61482221667592
0.2710000000000002 90.29689575534204
0.2720000000000002 90.98445662798464
0.2730000000000002 91.67754866967333
0.2740000000000002 92.37621606595923
0.2750000000000002 93.08050335567695
0.2760000000000002 93.79045543376894
0.2770000000000002 94.50611755413242
0.2780000000000002 95.22753533248905
0.2790000000000002 95.95475474927764
0.2800000000000002 96.6878221525698
0.2810000000000002 97.42678426100909
0.2820000000000002 98.17168816677358
0.2830000000000002 98.92258133856207
0.2840000000000002 99.67951162460423
0.2850000000000002 100.44252725569483
0.2860000000000002 101.21167684825213
0.2870000000000002 101.9870094074008
0.2880000000000002 102.76857433007952
0.2890000000000002 103.55642140817328
0.2900000000000002 104.35060083167089
0.2910000000000002 105.1511631918476
0.2920000000000002 105.95815948447328
0.2930000000000002 106.77164111304616
0.2940000000000002 107.5916598920524
0.2950000000000002 108.4182680502519
0.2960000000000002 109.25151823399008
0.2970000000000002 110.09146351053649
0.2980000000000002 110.93815737144976
0.2990000000000002 111.79165373596977
0.3000000000000002 112.65200695443666
0.3010000000000002 113.51927181173737
0.3020000000000002 114.39350353077967
0.3030000000000002 115.27475777599393
0.3040000000000002 116.16309065686296
0.3050000000000002 117.05855873147998
0.3060000000000002 117.9612190101351
0.3070000000000002 118.87112895893046
0.3080000000000002 119.78834650342425
0.3090000000000002 120.7129300323039
0.3100000000000002 121.64493840108861
0.3110000000000002 122.58443093586148
0.3120000000000002 123.53146743703145
0.3130000000000002 124.48610818312541
0.3140000000000002 125.44841393461053
0.3150000000000002 126.41844593774718
0.3160000000000002 127.39626592847267
0.3170000000000002 128.381936136316
0.3180000000000002 129.37551928834398
0.31900000000000023 130.3770786131388
0.32000000000000023 131.38667784480748
0.32100000000000023 132.40438122702332
0.32200000000000023 133.43025351709971
0.32300000000000023 134.46435999009648
0.32400000000000023 135.50676644295905
0.32500000000000023 136.55753919869073
0.32600000000000023 137.61674511055836
0.32700000000000023 138.68445156633155
0.32800000000000024 139.7607264925558
0.32900000000000024 140.84563835885982
0.33000000000000024 141.93925618229733
0.33100000000000024 143.0416495317234
0.33200000000000024 144.152888532206
0.33300000000000024 145.27304386947262
0.33400000000000024 146.40218679439258
0.33500000000000024 147.54038912749513
0.33600000000000024 148.68772326352362
0.33700000000000024 149.84426217602618
0.33800000000000024 151.01007942198297
0.33900000000000025 152.18524914647057
0.34000000000000025 153.36984608736353
0.34100000000000025 154.5639455800736
0.34200000000000025 155.76762356232683
0.34300000000000025 156.9809565789788
0.34400000000000025 158.2040217868684
0.34500000000000025 159.43689695971042
0.34600000000000025 160.67966049302728
0.34700000000000025 161.93239140912007
0.34800000000000025 163.19516936207944
0.34900000000000025 164.46807464283654
0.35000000000000026 165.7511881842543
0.35100000000000026 167.0445915662594
0.35200000000000026 168.34836702101546
0.35300000000000026 169.66259743813723
0.35400000000000026 170.98736636994673
0.35500000000000026 172.3227580367714
0.35600000000000026 173.66885733228457
0.35700000000000026 175.0257498288885
0.35800000000000026 176.39352178314064
0.35900000000000026 177.7722601412232
0.36000000000000026 179.16205254445643
0.36100000000000027 180.56298733485596
0.36200000000000027 181.9751535607347
0.36300000000000027 183.3986409823493
0.36400000000000027 184.83354007759192
0.36500000000000027 186.27994204772756
0.36600000000000027 187.737938823177
0.36700000000000027 189.20762306934623
0.36800000000000027 190.6890881925024
0.36900000000000027 192.18242834569662
0.3700000000000003 193.6877384347344
0.3710000000000003 195.20511412419347
0.3720000000000003 196.73465184349
0.3730000000000003 198.2764487929932
0.3740000000000003 199.83060295018865
0.3750000000000003 201.39721307589133
0.3760000000000003 202.97637872050785
0.3770000000000003 204.56820023034902
0.3780000000000003 206.1727787539928
0.3790000000000003 207.7902162486981
0.3800000000000003 209.42061548687002
0.3810000000000003 211.06408006257647
0.3820000000000003 212.72071439811717
0.3830000000000003 214.39062375064506
0.3840000000000003 216.07391421884066
0.3850000000000003 217.7706927496397
0.3860000000000003 219.4810671450147
0.3870000000000003 221.20514606881062
0.3880000000000003 222.94303905363532
0.3890000000000003 224.69485650780484
0.3900000000000003 226.46070972234455
0.3910000000000003 228.24071087804595
0.3920000000000003 230.03497305258014
0.3930000000000003 231.84361022766797
0.3940000000000003 233.66673729630762
0.3950000000000003 235.50447007005997
0.3960000000000003 237.3569252863921
0.3970000000000003 239.22422061607972
0.3980000000000003 241.10647467066846
0.3990000000000003 243.0038070099951
0.4000000000000003 244.91633814976888
0.4010000000000003 246.8441895692131
0.4020000000000003 248.78748371876847
0.4030000000000003 250.74634402785725
0.4040000000000003 252.7208949127101
0.4050000000000003 254.71126178425519
0.4060000000000003 256.7175710560705
0.4070000000000003 258.73995015239956
0.4080000000000003 260.77852751623146
0.4090000000000003 262.8334326174453
0.4100000000000003 264.9047959610197
0.4110000000000003 266.99274909530845
0.4120000000000003 269.09742462038145
0.4130000000000003 271.218956196433
0.4140000000000003 273.35747855225725
0.4150000000000003 275.5131274937911
0.4160000000000003 277.6860399127257
0.4170000000000003 279.8763537951865
0.4180000000000003 282.0842082304831
0.4190000000000003 284.3097434199286
0.4200000000000003 286.5531006857299
0.4210000000000003 288.8144224799485
0.4220000000000003 291.09385239353384
0.4230000000000003 293.3915351654277
0.4240000000000003 295.70761669174243
0.4250000000000003 298.04224403501195
0.4260000000000003 300.39556543351694
0.4270000000000003 302.76773031068444
0.4280000000000003 305.1588892845628
0.4290000000000003 307.5691941773721
0.4300000000000003 309.99879802513124
0.4310000000000003 312.4478550873618
0.43200000000000033 314.91652085686945
0.43300000000000033 317.40495206960367
0.43400000000000033 319.9133067145963
0.43500000000000033 322.44174404397927
0.43600000000000033 324.9904245830831
0.43700000000000033 327.5595101406152
0.43800000000000033 330.14916381892033
0.43900000000000033 332.7595500243226
0.44000000000000034 335.39083447755047
0.44100000000000034 338.04318422424484
0.44200000000000034 340.71676764555133
0.44300000000000034 343.4117544687972
0.44400000000000034 346.1283157782536
0.44500000000000034 348.86662402598375
0.44600000000000034 351.6268530427782
0.44700000000000034 354.40917804917694
0.44800000000000034 357.2137756665803
0.44900000000000034 360.0408239284482
0.45000000000000034 362.89050229158903
0.45100000000000035 365.76299164753885
0.45200000000000035 368.65847433403167
0.45300000000000035 371.57713414656115
0.45400000000000035 374.519156350035
0.45500000000000035 377.4847276905224
0.45600000000000035 380.4740364070952
0.45700000000000035 383.48727224376427
0.45800000000000035 386.5246264615109
0.45900000000000035 389.5862918504141
0.46000000000000035 392.67246274187585
0.46100000000000035 395.7833350209428
0.46200000000000035 398.91910613872756
0.46300000000000036 402.07997512492864
0.46400000000000036 405.2661426004509
0.46500000000000036 408.47781079012645
0.46600000000000036 411.71518353553773
0.46700000000000036 414.9784663079427
0.46800000000000036 418.2678662213037
0.46900000000000036 421.58359204542006
0.47000000000000036 424.9258542191663
0.47100000000000036 428.29486486383547
0.47200000000000036 431.6908377965898
0.47300000000000036 435.1139885440184
0.47400000000000037 438.56453435580363
0.47500000000000037 442.0426942184966
0.47600000000000037 445.54868886940284
0.47700000000000037 449.0827408105791
0.47800000000000037 452.64507432294175
0.47900000000000037 456.23591548048836
0.48000000000000037 459.85549216463255
0.48100000000000037 463.50403407865383
0.4820000000000004 467.18177276226277
0.4830000000000004 470.88894160628263
0.4840000000000004 474.6257758674483
0.4850000000000004 478.39251268332373
0.4860000000000004 482.18939108733855
0.4870000000000004 486.0166520239448
0.4880000000000004 489.87453836389477
0.4890000000000004 493.76329491964145
0.4900000000000004 497.6831684608615
0.4910000000000004 501.6344077301027
0.4920000000000004 505.61726345855624
0.4930000000000004 509.6319883819555
0.4940000000000004 513.6788372566016
0.4950000000000004 517.7580668755169
0.4960000000000004 521.8699360847284
0.4970000000000004 526.0147057996801
0.4980000000000004 530.1926390217782
0.4990000000000004 534.4040008550669
0.5000000000000003 538.6490585230385
0.5010000000000003 542.9280813855781
0.5020000000000003 547.2413409560426
0.5030000000000003 551.5891109184772
0.5040000000000003 555.9716671449701
0.5050000000000003 560.3892877131439
0.5060000000000003 564.842252923789
0.5070000000000003 569.330845318637
0.5080000000000003 573.8553496982757
0.5090000000000003 578.4160531402086
0.5100000000000003 583.0132450170577
0.5110000000000003 587.647217014912
0.5120000000000003 592.3182631518235
0.5130000000000003 597.0266797964499
0.5140000000000003 601.7727656868472
0.5150000000000003 606.5568219494119
0.5160000000000003 611.3791521179755
0.5170000000000003 616.2400621530509
0.5180000000000003 621.1398604612326
0.5190000000000003 626.0788579147528
0.5200000000000004 631.057367871193
0.5210000000000004 636.0757061933538
0.5220000000000004 641.1341912692828
0.5230000000000004 646.2331440324638
0.5240000000000004 651.372887982166
0.5250000000000004 656.5537492039573
0.5260000000000004 661.7760563903803
0.5270000000000004 667.0401408617944
0.5280000000000004 672.3463365873845
0.5290000000000004 677.694980206337
0.5300000000000004 683.0864110491864
0.5310000000000004 688.5209711593307
0.5320000000000004 693.9990053147204
0.5330000000000004 699.5208610497206
0.5340000000000004 705.0868886771469
0.5350000000000004 710.6974413104789
0.5360000000000004 716.35287488625
0.5370000000000004 722.053548186617
0.5380000000000004 727.7998228621101
0.5390000000000004 733.5920634545643
0.5400000000000004 739.4306374202345
0.5410000000000004 745.3159151530953
0.5420000000000004 751.2482700083273
0.5430000000000004 757.2280783259906
0.5440000000000004 763.2557194548882
0.5450000000000004 769.3315757766197
0.5460000000000004 775.4560327298277
0.5470000000000004 781.6294788346377
0.5480000000000004 787.8523057172933
0.5490000000000004 794.1249081349894
0.5500000000000004 800.4476840009019
0.5510000000000004 806.8210344094198
0.5520000000000004 813.2453636615774
0.5530000000000004 819.7210792906903
0.5540000000000004 826.2485920881969
0.5550000000000004 832.8283161297054
0.5560000000000004 839.4606688012501
0.5570000000000004 846.146070825757
0.5580000000000004 852.8849462897208
0.5590000000000004 859.6777226700963
0.5600000000000004 866.5248308614033
0.5610000000000004 873.4267052030491
0.5620000000000004 880.3837835068695
0.5630000000000004 887.3965070848891
0.5640000000000004 894.4653207773049
0.5650000000000004 901.5906729806923
0.5660000000000004 908.7730156764374
0.5670000000000004 916.0128044593963
0.5680000000000004 923.3104985667837
0.5690000000000004 930.6665609072923
0.5700000000000004 938.0814580904448
0.5710000000000004 945.5556604561813
0.5720000000000004 953.0896421046823
0.5730000000000004 960.6838809264308
0.5740000000000004 968.3388586325145
0.5750000000000004 976.0550607851702
0.5760000000000004 983.8329768285726
0.5770000000000004 991.6731001198688
0.5780000000000004 999.5759279604615
0.5790000000000004 1007.541961627542
0.5800000000000004 1015.5717064058753
0.5810000000000004 1023.665671619839
0.5820000000000004 1031.8243706657195
0.5830000000000004 1040.0483210442642
0.5840000000000004 1048.3380443934968
0.5850000000000004 1056.6940665217926
0.5860000000000004 1065.116917441219
0.5870000000000004 1073.6071314011429
0.5880000000000004 1082.1652469221067
0.5890000000000004 1090.7918068299748
0.5900000000000004 1099.4873582903529
0.5910000000000004 1108.2524528432832
0.5920000000000004 1117.0876464382163
0.5930000000000004 1125.993499469263
0.5940000000000004 1134.9705768107283
0.5950000000000004 1144.0194478529284
0.5960000000000004 1153.140686538295
0.5970000000000004 1162.3348713977687
0.5980000000000004 1171.602585587481
0.5990000000000004 1180.9444169257326
0.6000000000000004 1190.3609579302656
0.6010000000000004 1199.8528058558334
0.6020000000000004 1209.420562732072
0.6030000000000004 1219.064835401674
0.6040000000000004 1228.786235558866
0.6050000000000004 1238.585379788197
0.6060000000000004 1248.4628896036334
0.6070000000000004 1258.4193914879681
0.6080000000000004 1268.455516932546
0.6090000000000004 1278.571902477304
0.6100000000000004 1288.7691897511343
0.6110000000000004 1299.0480255125676
0.6120000000000004 1309.4090616907838
0.6130000000000004 1319.8529554269494
0.6140000000000004 1330.3803691158855
0.6150000000000004 1340.991970448069
0.6160000000000004 1351.68843245197
0.6170000000000004 1362.4704335367264
0.6180000000000004 1373.3386575351622
0.6190000000000004 1384.293793747146
0.6200000000000004 1395.3365369833002
0.6210000000000004 1406.467587609056
0.6220000000000004 1417.6876515890635
0.6230000000000004 1428.997440531955
0.6240000000000004 1440.3976717354667
0.6250000000000004 1451.889068231922
0.6260000000000004 1463.4723588340767
0.6270000000000004 1475.1482781813318
0.6280000000000004 1486.9175667863162
0.6290000000000004 1498.7809710818408
0.6300000000000004 1510.739243468228
0.6310000000000004 1522.7931423610214
0.6320000000000005 1534.943432239074
0.6330000000000005 1547.1908836930224
0.6340000000000005 1559.5362734741502
0.6350000000000005 1571.9803845436384
0.6360000000000005 1584.5240061222125
0.6370000000000005 1597.1679337401854
0.6380000000000005 1609.9129692878998
0.6390000000000005 1622.759921066576
0.6400000000000005 1635.7096038395632
0.6410000000000005 1648.762838884003
0.6420000000000005 1661.9204540429048
0.6430000000000005 1675.1832837776376
0.6440000000000005 1688.552169220842
0.6450000000000005 1702.0279582297644
0.6460000000000005 1715.6115054400182
0.6470000000000005 1729.3036723197747
0.6480000000000005 1743.1053272243873
0.6490000000000005 1757.0173454514518
0.6500000000000005 1771.0406092963074
0.6510000000000005 1785.1760081079817
0.6520000000000005 1799.4244383455828
0.6530000000000005 1813.7868036351413
0.6540000000000005 1828.2640148269084
0.6550000000000005 1842.8569900531102
0.6560000000000005 1857.5666547861654
0.6570000000000005 1872.3939418973675
0.6580000000000005 1887.3397917160369
0.6590000000000005 1902.405152089144
0.6600000000000005 1917.5909784414118
0.6610000000000005 1932.8982338358971
0.6620000000000005 1948.3278890350562
0.6630000000000005 1963.880922562299
0.6640000000000005 1979.558320764036
0.6650000000000005 1995.3610778722195
0.6660000000000005 2011.2901960673876
0.6670000000000005 2027.3466855422082
0.6680000000000005 2043.5315645655357
0.6690000000000005 2059.845859546976
0.6700000000000005 2076.2906051019695
0.6710000000000005 2092.866844117394
0.6720000000000005 2109.575627817693
0.6730000000000005 2126.4180158315303
0.6740000000000005 2143.3950762589798
0.6750000000000005 2160.507885739252
0.6760000000000005 2177.757529518961
0.6770000000000005 2195.1451015209377
0.6780000000000005 2212.671704413595
0.6790000000000005 2230.3384496808426
0.6800000000000005 2248.1464576925673
0.6810000000000005 2266.096857775672
0.6820000000000005 2284.190788285684
0.6830000000000005 2302.429396678936
0.6840000000000005 2320.8138395853243
0.6850000000000005 2339.345282881649
0.6860000000000005 2358.0249017655383
0.6870000000000005 2376.8538808299672
0.6880000000000005 2395.8334141383693
0.6890000000000005 2414.96470530035
0.6900000000000005 2434.2489675480056
0.6910000000000005 2453.687423812851
0.6920000000000005 2473.281306803365
0.6930000000000005 2493.0318590831525
0.6940000000000005 2512.940333149733
0.6950000000000005 2533.0079915139595
0.6960000000000005 2553.236106780072
0.6970000000000005 2573.6259617263913
0.6980000000000005 2594.178849386655
0.6990000000000005 2614.89607313201
0.7000000000000005 2635.7789467536527
0.7010000000000005 2656.828794546137
0.7020000000000005 2678.046951391344
0.7030000000000005 2699.434762843124
0.7040000000000005 2720.993585212616
0.7050000000000005 2742.724785654247
0.7060000000000005 2764.629742252424
0.7070000000000005 2786.709844108912
0.7080000000000005 2808.9664914309164
0.7090000000000005 2831.4010956198667
0.7100000000000005 2854.01507936091
0.7110000000000005 2876.8098767131223
0.7120000000000005 2899.7869332004375
0.7130000000000005 2922.947705903306
0.7140000000000005 2946.293663551086
0.7150000000000005 2969.8262866151713
0.7160000000000005 2993.547067402866
0.7170000000000005 3017.457510152009
0.7180000000000005 3041.559131126353
0.7190000000000005 3065.8534587117097
0.7200000000000005 3090.3420335128612
0.7210000000000005 3115.0264084512464
0.7220000000000005 3139.908148863428
0.7230000000000005 3164.9888326003484
0.7240000000000005 3190.270050127378
0.7250000000000005 3215.753404625163
0.7260000000000005 3241.44051209128
0.7270000000000005 3267.333001442704
0.7280000000000005 3293.4325146190918
0.7290000000000005 3319.740706686898
0.7300000000000005 3346.259245944318
0.7310000000000005 3372.9898140270707
0.7320000000000005 3399.9341060150273
0.7330000000000005 3427.093830539695
0.7340000000000005 3454.4707098925555
0.7350000000000005 3482.0664801342746
0.7360000000000005 3509.8828912047798
0.7370000000000005 3537.921707034222
0.7380000000000005 3566.184705654822
0.7390000000000005 3594.673679313613
0.7400000000000005 3623.3904345860815
0.7410000000000005 3652.3367924907216
0.7420000000000005 3681.5145886044984
0.7430000000000005 3710.9256731792416
0.7440000000000005 3740.571911258964
0.7450000000000006 3770.4551827981213
0.7460000000000006 3800.5773827808157
0.7470000000000006 3830.940421340954
0.7480000000000006 3861.546223883363
0.7490000000000006 3892.396731205879
0.7500000000000006 3923.4938996224064
0.7510000000000006 3954.8397010869667
0.7520000000000006 3986.4361233187333
0.7530000000000006 4018.2851699280704
0.7540000000000006 4050.388860543578
0.7550000000000006 4082.7492309401523
0.7560000000000006 4115.368333168069
0.7570000000000006 4148.2482356831
0.7580000000000006 4181.391023477672
0.7590000000000006 4214.79879821307
0.7600000000000006 4248.473678352698
0.7610000000000006 4282.41779929641
0.7620000000000006 4316.633313515907
0.7630000000000006 4351.122390691225
0.7640000000000006 4385.887217848307
0.7650000000000006 4420.929999497681
0.7660000000000006 4456.25295777424
0.7670000000000006 4491.858332578145
0.7680000000000006 4527.748381716852
0.7690000000000006 4563.925381048277
0.7700000000000006 4600.391624625099
0.7710000000000006 4637.149424840228
0.7720000000000006 4674.20111257342
0.7730000000000006 4711.549037339082
0.7740000000000006 4749.195567435246
0.7750000000000006 4787.143090093738
0.7760000000000006 4825.394011631546
0.7770000000000006 4863.950757603406
0.7780000000000006 4902.815772955592
0.7790000000000006 4941.991522180955
0.7800000000000006 4981.480489475183
0.7810000000000006 5021.2851788943235
0.7820000000000006 5061.40811451356
0.7830000000000006 5101.8518405872555
0.7840000000000006 5142.618921710286
0.7850000000000006 5183.711942980645
0.7860000000000006 5225.13351016337
0.7870000000000006 5266.886249855764
0.7880000000000006 5308.972809653939
0.7890000000000006 5351.395858320703
0.7900000000000006 5394.158085954774
0.7910000000000006 5437.262204161356
0.7920000000000006 5480.710946224077
0.7930000000000006 5524.5070672783
0.7940000000000006 5568.653344485822
0.7950000000000006 5613.152577210966
0.7960000000000006 5658.0075871980835
0.7970000000000006 5703.221218750476
0.7980000000000006 5748.796338910746
0.7990000000000006 5794.735837642594
0.8000000000000006 5841.042628014057
0.8010000000000006 5887.71964638223
0.8020000000000006 5934.769852579446
0.8030000000000006 5982.196230100957
0.8040000000000006 6030.001786294113
0.8050000000000006 6078.189552549046
0.8060000000000006 6126.762584490892
0.8070000000000006 6175.7239621735325
0.8080000000000006 6225.076790274904
0.8090000000000006 6274.8241982938525
0.8100000000000006 6324.969340748571
0.8110000000000006 6375.515397376623
0.8120000000000006 6426.465573336559
0.8130000000000006 6477.823099411152
0.8140000000000006 6529.591232212253
0.8150000000000006 6581.773254387289
0.8160000000000006 6634.372474827404
0.8170000000000006 6687.3922288772765
0.8180000000000006 6740.835878546597
0.8190000000000006 6794.706812723256
0.8200000000000006 6849.008447388219
0.8210000000000006 6903.744225832131
0.8220000000000006 6958.9176188736465
0.8230000000000006 7014.532125079509
0.8240000000000006 7070.591270986384
0.8250000000000006 7127.098611324475
0.8260000000000006 7184.057729242918
0.8270000000000006 7241.472236536981
0.8280000000000006 7299.345773877082
0.8290000000000006 7357.682011039638
0.8300000000000006 7416.484647139756
0.8310000000000006 7475.757410865784
0.8320000000000006 7535.504060715743
0.8330000000000006 7595.728385235648
0.8340000000000006 7656.434203259723
0.8350000000000006 7717.625364152555
0.8360000000000006 7779.30574805317
0.8370000000000006 7841.479266121061
0.8380000000000006 7904.149860784195
0.8390000000000006 7967.321505988986
0.8400000000000006 8030.998207452282
0.8410000000000006 8095.184002915353
0.8420000000000006 8159.882962399919
0.8430000000000006 8225.099188466222
0.8440000000000006 8290.836816473158
0.8450000000000006 8357.100014840498
0.8460000000000006 8423.89298531319
0.8470000000000006 8491.21996322779
0.8480000000000006 8559.08521778101
0.8490000000000006 8627.49305230043
0.8500000000000006 8696.447804517347
0.8510000000000006 8765.953846841836
0.8520000000000006 8836.015586639987
0.8530000000000006 8906.63746651337
0.8540000000000006 8977.823964580732
0.8550000000000006 9049.579594761943
0.8560000000000006 9121.908907064217
0.8570000000000007 9194.816487870614
0.8580000000000007 9268.306960230859
0.8590000000000007 9342.384984154476
0.8600000000000007 9417.055256906273
0.8610000000000007 9492.322513304178
0.8620000000000007 9568.191526019475
0.8630000000000007 9644.667105879422
0.8640000000000007 9721.754102172297
0.8650000000000007 9799.457402954882
0.8660000000000007 9877.781935362405
0.8670000000000007 9956.73266592096
0.8680000000000007 10036.314600862417
0.8690000000000007 10116.53278644187
0.8700000000000007 10197.3923092576
0.8710000000000007 10278.898296573607
0.8720000000000007 10361.05591664472
0.8730000000000007 10443.870379044309
0.8740000000000007 10527.346934994604
0.8750000000000007 10611.490877699676
0.8760000000000007 10696.30754268106
0.8770000000000007 10781.802308116068
0.8780000000000007 10867.980595178818
0.8790000000000007 10954.847868383968
0.8800000000000007 11042.409635933216
0.8810000000000007 11130.671450064565
0.8820000000000007 11219.638907404373
0.8830000000000007 11309.317649322225
0.8840000000000007 11399.713362288649
0.8850000000000007 11490.83177823567
0.8860000000000007 11582.67867492027
0.8870000000000007 11675.259876290736
0.8880000000000007 11768.581252855955
0.8890000000000007 11862.648722057638
0.8900000000000007 11957.468248645546
0.8910000000000007 12053.045845055687
0.8920000000000007 12149.387571791569
0.8930000000000007 12246.49953780847
0.8940000000000007 12344.387900900801
0.8950000000000007 12443.058868092561
0.8960000000000007 12542.518696030904
0.8970000000000007 12642.773691382865
0.8980000000000007 12743.830211235254
0.8990000000000007 12845.694663497743
0.9000000000000007 12948.37350730918
0.9010000000000007 13051.873253447144
0.9020000000000007 13156.200464740788
0.9030000000000007 13261.361756486973
0.9040000000000007 13367.363796869724
0.9050000000000007 13474.213307383052
0.9060000000000007 13581.917063257146
0.9070000000000007 13690.48189388798
0.9080000000000007 13799.914683270348
0.9090000000000007 13910.222370434365
0.9100000000000007 14021.411949885456
0.9110000000000007 14133.490472047863
0.9120000000000007 14246.465043711696
0.9130000000000007 14360.342828483568
0.9140000000000007 14475.131047240811
0.9150000000000007 14590.83697858935
0.9160000000000007 14707.467959325215
0.9170000000000007 14825.031384899756
0.9180000000000007 14943.534709888572
0.9190000000000007 15062.985448464193
0.9200000000000007 15183.391174872533
0.9210000000000007 15304.759523913162
0.9220000000000007 15427.09819142341
0.9230000000000007 15550.414934766348
0.9240000000000007 15674.717573322656
0.9250000000000007 15800.013988986446
0.9260000000000007 15926.31212666503
0.9270000000000007 16053.619994782694
0.9280000000000007 16181.945665788488
0.9290000000000007 16311.297276668092
0.9300000000000007 16441.68302945976
0.9310000000000007 16573.111191774395
0.9320000000000007 16705.590097319786
0.9330000000000007 16839.12814642902
0.9340000000000007 16973.73380659314
0.9350000000000007 17109.415612998047
0.9360000000000007 17246.1821690657
0.9370000000000007 17384.04214699964
0.9380000000000007 17523.004288334872
0.9390000000000007 17663.07740449216
0.9400000000000007 17804.270377336725
0.9410000000000007 17946.592159741434
0.9420000000000007 18090.05177615449
0.9430000000000007 18234.658323171636
0.9440000000000007 18380.420970112966
0.9450000000000007 18527.34895960433
0.9460000000000007 18675.45160816338
0.9470000000000007 18824.73830679033
0.9480000000000007 18975.21852156339
0.9490000000000007 19126.901794239027
0.9500000000000007 19279.797742856957
0.9510000000000007 19433.91606235002
0.9520000000000007 19589.26652515892
0.9530000000000007 19745.858981851856
0.9540000000000007 19903.703361749147
0.9550000000000007 20062.809673552816
0.9560000000000007 20223.188005981225
0.9570000000000007 20384.84852840878
0.9580000000000007 20547.801491510752
0.9590000000000007 20712.05722791325
0.9600000000000007 20877.626152848385
0.9610000000000007 21044.518764814686
0.9620000000000007 21212.745646242784
0.9630000000000007 21382.317464166426
0.9640000000000007 21553.244970898842
0.9650000000000007 21725.539004714537
0.9660000000000007 21899.210490536512
0.9670000000000007 22074.270440629
0.9680000000000007 22250.729955295723
0.9690000000000007 22428.600223583744
0.9700000000000008 22607.892523992945
0.9710000000000008 22788.618225191167
0.9720000000000008 22970.78878673507
0.9730000000000008 23154.415759796768
0.9740000000000008 23339.510787896263
0.9750000000000008 23526.085607639732
0.9760000000000008 23714.152049463726
0.9770000000000008 23903.722038385305
0.9780000000000008 24094.807594758193
0.9790000000000008 24287.420835034947
0.9800000000000008 24481.57397253525
0.9810000000000008 24677.27931822032
0.9820000000000008 24874.549281473533
0.9830000000000008 25073.39637088727
0.9840000000000008 25273.83319505606
0.9850000000000008 25475.872463376072
0.9860000000000008 25679.526986850982
0.9870000000000008 25884.809678904297
0.9880000000000008 26091.733556198167
0.9890000000000008 26300.311739458746
0.9900000000000008 26510.557454308153
0.9910000000000008 26722.484032103068
0.9920000000000008 26936.10491078006
0.9930000000000008 27151.433635707657
0.9940000000000008 27368.483860545217
0.9950000000000008 27587.269348108694
0.9960000000000008 27807.803971243295
0.9970000000000008 28030.10171370314
0.9980000000000008 28254.17667103794
0.9990000000000008 28480.04305148676
